-5.52147e-05
2.04223e-06
4.13685e-06
-3.06657e-06
2.28044e-06
-3.28751e-06
2.97002e-07
5.88982e-05
-5.23663e-05
5.70038e-05
-5.70289e-05
-2.83382e-06
-3.72907e-06
-2.19865e-06
-8.43069e-05
3.48526e-07
4.10875e-06
1.27756e-06
5.65988e-06
3.72218e-06
4.54918e-06
-7.90353e-05
1.58814e-06
-5.58637e-05
-5.82888e-05
-5.22708e-06
-4.09362e-06
3.11822e-06
8.73658e-05
-1.96256e-06
1.33616e-06
-1.5826e-06
-1.01812e-06
7.91296e-07
-4.17284e-06
-5.26902e-05
-4.77884e-05
-5.67567e-05
-5.07876e-05
6.16916e-06
-2.98182e-06
-1.14619e-06
4.96071e-05
1.35876e-07
2.01956e-06
1.97025e-06
3.64194e-06
2.18687e-06
-3.07967e-06
5.50782e-05
-5.93963e-05
4.05005e-05
5.91392e-05
1.53578e-06
3.32351e-06
3.64215e-06
-4.27965e-06
2.18513e-06
-1.49996e-06
3.27196e-06
5.14071e-05
3.64492e-06
1.63794e-06
1.30052e-06
6.46791e-07
-5.71084e-05
-4.56615e-05
-7.59522e-05
-1.9984e-06
2.70463e-06
4.76187e-05
2.72664e-06
-3.63546e-06
-3.69387e-06
-3.22814e-06
-3.05863e-07
-5.51109e-08
-5.46164e-05
-6.22956e-05
5.35131e-05
6.04356e-05
-4.33679e-06
2.13364e-06
1.15957e-05
5.311e-07
-1.01816e-06
-2.25987e-06
-2.35528e-06
-4.53674e-06
2.82515e-06
-1.5626e-07
5.87498e-05
-5.66456e-05
-6.17372e-05
5.68544e-05
8.42215e-06
-7.0784e-07
-1.00385e-05
3.8737e-05
2.91355e-06
3.28219e-06
-1.47215e-06
5.88902e-06
3.98253e-07
1.33678e-06
8.85967e-05
-1.92173e-06
-4.72876e-05
6.1152e-05
-5.78456e-06
1.65436e-06
-1.81836e-05
-2.28426e-06
-1.01832e-06
-1.5059e-06
5.23849e-06
1.45328e-06
-3.10134e-06
9.7928e-07
4.14883e-05
-4.09821e-05
5.95718e-05
5.00202e-05
-4.37634e-08
-3.00181e-06
5.72987e-06
4.37134e-06
-1.7934e-06
1.87191e-06
2.18741e-06
3.52158e-06
-8.93191e-07
-1.33671e-06
-4.60841e-05
6.19828e-05
6.17005e-05
6.47621e-05
-6.43053e-07
1.18792e-06
9.99918e-06
5.62273e-06
-4.24278e-06
6.13228e-06
-4.95462e-06
-9.83962e-05
-5.41289e-07
-5.0901e-07
4.55831e-06
8.16003e-06
5.66556e-05
-4.26551e-05
-6.34465e-05
-6.72638e-08
-2.707e-06
-1.6834e-06
-2.25848e-06
6.12412e-07
2.11526e-06
2.21619e-06
-8.33192e-07
-4.10201e-07
-6.66763e-05
4.2707e-05
-4.95352e-05
6.98187e-05
-1.05846e-06
-9.91341e-07
3.66727e-06
-1.91951e-06
-5.34399e-07
1.0583e-06
-1.5119e-06
2.34849e-06
1.26253e-06
1.9652e-07
2.93289e-05
6.59377e-05
-5.57591e-05
6.78166e-05
-3.70261e-06
-1.827e-06
7.79088e-06
-0.000105302
2.98426e-06
1.29412e-06
-5.51569e-07
3.8129e-07
-4.56983e-09
1.24818e-06
5.39844e-05
3.4554e-07
-4.67878e-05
6.41259e-05
6.09409e-06
-4.73241e-07
8.8074e-06
4.10816e-06
9.68504e-08
2.47877e-06
-7.34694e-06
2.74785e-06
4.52779e-08
3.83472e-06
3.70105e-05
-3.43701e-05
5.26217e-05
6.82422e-05
2.08383e-06
-1.85737e-06
-9.83397e-06
-1.01794e-05
4.1452e-08
2.16396e-06
-1.56538e-06
-3.0524e-06
-7.71887e-06
2.38731e-06
2.61631e-05
-7.19301e-05
-6.05756e-05
-4.3012e-05
8.3964e-06
1.00126e-06
-5.7685e-06
-9.07207e-07
-2.25842e-07
3.49313e-06
-2.51606e-06
9.94554e-05
-1.21298e-06
3.77241e-06
1.57438e-06
-3.43566e-06
6.32168e-05
-4.52688e-05
8.16744e-05
2.37663e-06
1.77109e-05
-6.67235e-06
-5.84394e-08
4.71408e-07
2.98976e-07
-9.49774e-07
2.63824e-06
1.74743e-06
-3.22035e-05
-5.97094e-05
-6.98943e-05
-3.877e-05
-1.13537e-06
1.64181e-06
1.57619e-05
3.19361e-07
-2.92419e-06
4.23903e-06
-3.92158e-06
9.28256e-07
-1.33303e-06
-4.55587e-06
-6.90702e-05
6.56406e-05
4.16281e-05
6.71421e-05
-4.03569e-06
1.22159e-06
-2.37784e-05
-1.45071e-05
-2.37025e-07
-2.22838e-06
3.12786e-06
2.38116e-06
-1.61731e-06
-9.70152e-07
8.90367e-05
-1.87917e-06
-3.48473e-05
6.64728e-05
2.60284e-06
4.73393e-06
5.85355e-06
-4.28859e-06
4.99134e-06
-3.04202e-06
2.52694e-06
-3.02601e-08
2.00413e-06
1.75612e-07
-7.95894e-05
2.59759e-05
-3.68322e-05
3.42312e-05
-4.67451e-06
-3.18336e-06
1.35104e-05
5.37625e-06
2.47835e-08
7.78242e-07
-2.22071e-06
-4.01653e-06
-1.21952e-06
3.23365e-06
6.65357e-05
6.78939e-05
-6.57934e-05
3.47466e-05
-6.52216e-07
2.49591e-06
-1.73545e-05
-2.2607e-06
1.08646e-06
-5.71864e-07
4.32635e-06
2.99826e-05
-2.23694e-06
6.14037e-08
-6.05381e-06
-1.07406e-06
-6.80895e-05
-6.83113e-05
4.43213e-05
-1.37542e-06
2.38317e-05
-1.33193e-06
-3.61852e-06
-6.61604e-07
-2.45394e-06
-1.43793e-06
-2.4573e-06
-1.50988e-07
7.27882e-05
1.89792e-05
-3.59526e-05
6.06512e-05
6.42062e-06
6.15182e-06
-1.83788e-05
1.14167e-06
-2.80444e-06
4.22873e-06
1.64105e-06
-1.37908e-06
8.88919e-08
9.19938e-06
-2.09884e-05
7.55147e-05
-6.47022e-05
-7.38988e-05
-8.52836e-06
-1.04956e-06
-1.7708e-05
0.000102217
2.13734e-06
-1.22933e-06
4.96952e-07
-2.91103e-06
2.11022e-06
-1.39223e-06
-3.21252e-05
-3.00448e-06
6.97973e-05
-7.35614e-05
-2.71933e-08
4.66183e-06
-3.1181e-05
-1.59484e-06
4.1984e-06
-3.64798e-06
4.14819e-06
3.77011e-07
-2.45313e-06
3.13421e-06
-7.27144e-05
-3.34808e-05
-7.51181e-05
6.83838e-05
2.46511e-06
-8.30343e-08
-2.82627e-05
-2.30493e-06
3.19175e-06
-6.74792e-07
-1.01148e-06
-2.132e-06
5.11362e-07
-1.22217e-06
2.4662e-05
-7.66761e-05
-3.12633e-05
3.42869e-05
3.79969e-06
-1.22605e-06
-3.61688e-05
2.31807e-06
5.59484e-08
2.08054e-07
2.64573e-06
0.000114397
-1.00208e-06
-2.86734e-06
4.64373e-06
-1.68116e-07
-7.73122e-05
-7.13669e-05
4.35463e-05
-5.81104e-07
4.08516e-05
-4.66361e-07
6.92939e-07
2.90115e-06
7.23041e-07
-3.26399e-07
-8.58914e-07
-1.34564e-06
-7.40559e-05
7.70805e-05
1.9089e-05
-2.03226e-05
2.88295e-06
-1.15407e-06
4.28242e-05
-7.8673e-06
-3.85062e-06
6.82959e-06
-1.0904e-07
-4.24221e-06
2.07425e-06
8.268e-07
3.80734e-06
2.09476e-05
1.62978e-05
2.69862e-05
3.15221e-06
3.77884e-06
2.66863e-05
0.000110832
2.6546e-06
-1.97694e-06
4.74373e-07
3.90753e-06
6.77013e-07
2.0479e-06
-1.37631e-05
8.10878e-06
-7.34599e-05
-7.04065e-05
-2.71926e-07
8.05847e-07
-4.69098e-05
-4.47646e-06
-3.41926e-06
9.49778e-07
-2.24241e-06
4.81136e-06
1.06441e-06
-1.80751e-06
-7.52342e-05
7.57089e-05
-7.88534e-05
-7.0559e-05
-6.23567e-06
-6.3917e-09
-3.83123e-05
9.24157e-06
8.40485e-07
-3.89592e-06
3.61437e-06
9.79024e-07
4.37115e-07
2.31822e-06
-7.81869e-05
9.86624e-06
-1.17523e-05
-1.44534e-05
-1.00983e-05
-7.94561e-08
3.34545e-05
-5.24062e-06
1.30271e-06
-4.02145e-06
-1.66092e-07
-1.5779e-06
-1.88187e-06
3.06295e-06
-1.17238e-06
2.06405e-07
8.51245e-05
-8.46399e-05
2.38682e-05
2.04799e-06
4.80278e-05
-5.47519e-06
-8.60714e-07
-3.2609e-06
-6.34587e-07
5.61948e-06
-3.01571e-06
-2.74027e-06
7.26886e-05
-8.1242e-05
-1.4988e-05
7.95623e-05
-9.51688e-07
-3.69991e-06
4.88393e-05
-2.98473e-05
-2.89087e-06
1.527e-06
1.82299e-06
-3.33367e-06
-2.06294e-06
9.54274e-07
7.41137e-05
-7.05839e-05
8.45044e-05
7.60966e-05
2.80194e-06
-4.40106e-06
5.52775e-05
-0.000112968
-1.40444e-06
3.09964e-06
1.22294e-06
4.91632e-06
-4.0824e-06
4.76143e-06
-6.31351e-06
2.21155e-06
8.08708e-06
7.69408e-05
4.87413e-07
7.36674e-07
4.75778e-05
-2.30604e-05
1.33642e-06
-1.77216e-06
-3.51899e-06
2.71863e-06
5.45029e-08
5.51998e-07
7.59608e-05
2.95105e-06
2.64267e-06
-7.34215e-05
7.99268e-07
4.72833e-06
5.24749e-05
-0.000108673
1.68485e-06
6.18591e-07
3.52905e-06
-2.99245e-06
-2.1797e-06
-5.32801e-07
8.46262e-05
-1.5826e-06
1.19287e-05
5.22094e-06
-6.89429e-06
2.84996e-06
5.20399e-05
-4.0831e-06
1.84935e-06
3.62881e-06
6.72055e-06
-0.000109865
-2.43936e-06
-9.5327e-07
7.04209e-06
-2.72594e-06
-1.36296e-05
-4.18681e-06
7.90763e-06
-1.00916e-06
5.52163e-05
2.81046e-05
3.25557e-06
-2.52139e-06
-1.74572e-06
2.06715e-06
2.50228e-07
-1.45948e-06
7.74253e-05
8.23621e-05
8.83626e-05
7.36615e-06
8.29623e-06
-3.46082e-06
5.59232e-05
-1.13675e-06
3.31538e-06
7.3558e-07
-1.76264e-07
-1.63751e-06
-1.52834e-06
2.08797e-06
-5.92713e-07
-8.13072e-05
-7.97991e-05
1.05639e-08
4.51001e-07
2.42852e-06
6.16605e-05
-4.09108e-05
-1.55205e-06
-2.48121e-06
-7.43337e-07
-1.53254e-06
8.06435e-07
7.8199e-07
-0.000103973
-3.54975e-06
-4.71468e-07
-2.54991e-07
5.79311e-06
7.76606e-07
6.27232e-05
1.14548e-06
-2.01229e-06
-5.80427e-06
-2.96375e-07
3.29095e-07
-3.81068e-06
-1.30029e-06
-5.63915e-07
-8.2672e-05
7.8174e-05
2.78044e-06
2.63579e-06
-2.0854e-06
-6.3668e-05
1.81528e-06
3.02459e-07
-2.37203e-06
2.90453e-06
-8.45073e-07
-2.75058e-06
-1.05494e-06
7.6137e-05
-8.52787e-06
2.17717e-07
7.97561e-05
1.5238e-06
-1.97306e-06
6.03069e-05
-1.75244e-06
4.07023e-07
-5.94721e-07
1.5832e-07
0.00011762
-1.93396e-06
-1.92346e-06
-5.55444e-06
-3.12192e-06
4.87256e-06
-7.29084e-05
-4.27938e-06
1.80535e-06
-6.60611e-05
2.38388e-06
3.29053e-06
1.70789e-06
-3.11017e-06
2.805e-06
6.77092e-06
6.02852e-07
8.06076e-05
8.38611e-05
-4.20717e-06
-1.00805e-06
1.43097e-06
1.00716e-06
7.3158e-05
-6.44157e-07
1.09371e-06
5.88017e-06
-7.16544e-07
2.2277e-06
3.25223e-06
-1.47284e-06
-8.4208e-05
8.33625e-05
7.71493e-05
1.28418e-05
-4.95539e-06
1.58526e-06
6.53809e-05
9.29127e-05
2.38273e-06
-1.20063e-06
-6.82161e-07
-3.26936e-06
-1.77316e-06
4.17467e-06
-1.47861e-05
1.50971e-06
-7.51622e-05
-5.42541e-06
-1.8577e-06
-7.24685e-07
6.23337e-05
2.00477e-06
1.04503e-06
7.26975e-07
-3.29579e-06
1.87202e-06
1.67263e-06
-2.98087e-06
7.87764e-05
-1.35758e-05
-5.98088e-06
-2.42223e-06
-3.89702e-07
-3.60997e-06
7.54959e-05
1.48791e-07
-1.71042e-06
2.99989e-06
2.54789e-06
-2.42072e-06
-1.05997e-07
-4.09585e-06
6.7444e-05
-7.17567e-05
-8.23726e-05
-6.88727e-05
-1.26168e-06
-1.04803e-06
-6.98452e-05
5.7054e-07
1.49052e-06
4.15251e-06
-1.07511e-06
0.000106494
-8.85375e-07
-2.08108e-06
3.61578e-06
-2.49241e-06
-7.72916e-05
1.80272e-05
-9.90343e-05
2.42503e-06
-6.86059e-05
-6.99203e-06
-1.08503e-06
1.19511e-06
-2.45195e-06
-3.61623e-07
1.29364e-06
1.08755e-07
7.42185e-05
-7.36732e-05
-1.69252e-05
-8.18518e-05
-4.78982e-06
2.81061e-06
8.371e-05
3.91577e-06
2.09427e-06
-4.60378e-06
6.01129e-07
-5.42795e-07
7.43776e-07
-7.84886e-07
-2.60087e-05
-7.46762e-05
8.0717e-05
-1.79439e-05
-6.5756e-06
5.21965e-06
-8.08274e-05
-4.86278e-05
-1.04001e-06
7.77936e-07
-3.28696e-06
-1.17982e-06
-2.38142e-06
-1.91544e-06
0.000104423
6.48813e-06
-8.12721e-05
-7.8505e-05
1.14761e-06
-2.45393e-06
-7.60628e-05
-1.38774e-06
1.35016e-06
4.80251e-06
1.48351e-06
-2.88806e-06
-3.46204e-06
7.40387e-07
-8.04651e-05
8.427e-05
8.31116e-05
-7.28278e-05
-9.56265e-07
-2.72726e-06
-7.52463e-05
-2.25278e-06
3.59227e-06
3.7735e-07
3.28999e-06
-2.08501e-06
1.67403e-06
1.10672e-06
-2.32793e-05
-7.79715e-05
-1.87632e-05
1.89655e-05
4.20398e-06
4.70357e-06
-8.32968e-05
-4.60099e-06
-1.67175e-06
2.34587e-06
1.32402e-06
-0.000102177
-4.19745e-07
1.61081e-06
2.26285e-06
2.48554e-06
7.23774e-05
-2.08126e-05
2.1432e-05
1.95334e-06
-7.95429e-05
-3.52059e-06
-4.77392e-06
1.79772e-06
-4.51045e-06
-2.84937e-06
-1.24864e-06
-3.32338e-06
3.47659e-05
7.8151e-05
-7.23493e-05
7.2652e-05
-1.04143e-06
-1.18634e-06
-8.49049e-05
-9.81211e-07
1.41477e-06
-3.07766e-06
1.1915e-06
2.9517e-06
-2.93517e-06
-1.93506e-06
-3.4715e-05
6.88919e-05
-2.79145e-05
-7.095e-05
-4.45084e-06
2.04076e-06
-9.30781e-05
-7.16238e-05
-1.88047e-06
-8.69754e-07
-6.70481e-07
-1.41468e-07
-2.83349e-06
-3.91337e-08
4.76827e-05
3.35857e-06
7.04103e-05
-8.22763e-05
1.76977e-06
-1.77408e-06
-8.7501e-05
1.7508e-06
-1.40056e-06
1.07972e-06
6.52315e-08
-2.89523e-06
-2.99839e-06
-4.59314e-08
3.36494e-05
-2.90126e-05
-7.06468e-05
-8.03568e-05
-3.79383e-06
-1.00919e-06
-8.72399e-05
3.89436e-06
3.23029e-06
4.58357e-06
-1.89908e-06
-6.5669e-06
-1.60664e-06
1.91944e-07
-2.73812e-05
-7.20153e-05
-8.07959e-05
-3.5444e-05
7.93072e-06
6.74609e-06
8.80618e-05
1.09574e-06
-8.4079e-07
-2.72086e-06
-4.84412e-06
-9.35384e-05
5.14605e-06
-2.33097e-06
3.62375e-06
-4.26208e-06
-3.48073e-05
-4.04553e-05
9.81808e-05
-3.27601e-06
7.74264e-05
3.58201e-06
2.85536e-06
2.2656e-07
-1.31925e-06
7.23618e-07
-9.7901e-07
-1.32624e-06
4.54114e-05
3.25666e-05
7.37653e-05
7.99099e-05
-1.41281e-07
-1.9323e-06
8.92906e-05
-6.96998e-07
3.38873e-06
2.1802e-06
4.77719e-06
-1.3998e-06
-2.24296e-06
5.23609e-07
-7.37116e-05
-4.83242e-05
7.0793e-05
3.01796e-05
9.41534e-07
9.72292e-07
-8.13808e-05
-8.36635e-05
-2.72965e-06
-3.50305e-06
-3.33257e-07
-2.05024e-06
-1.65736e-06
-2.65629e-06
-0.000102196
-7.12997e-08
-3.98043e-05
7.15847e-05
1.58127e-06
-1.7232e-06
1.78728e-06
-4.76363e-06
3.27668e-06
-3.69297e-06
-5.09027e-06
-6.98474e-07
1.05799e-06
8.72122e-07
4.3335e-05
6.46128e-05
4.79575e-05
7.42091e-05
3.72564e-06
-1.0279e-06
9.82165e-07
-8.699e-07
1.95436e-06
2.47074e-06
1.82563e-06
-6.7588e-07
-6.9671e-07
7.35241e-07
-4.20505e-05
3.64315e-05
-7.00211e-05
-7.19767e-05
-1.91095e-06
2.4523e-06
-1.68583e-06
-3.52541e-06
-3.48462e-06
2.59998e-06
3.46075e-06
-7.47175e-05
5.49e-06
-1.66399e-06
5.16765e-06
5.70434e-06
7.06131e-05
-3.91739e-05
8.77324e-05
3.39365e-06
-1.90231e-06
-5.82403e-08
3.57616e-06
1.86185e-09
-3.86428e-06
2.32177e-06
4.27568e-06
-2.96708e-07
-4.99506e-05
6.99866e-05
-4.47891e-05
3.57546e-05
4.99761e-06
4.91812e-07
1.32659e-06
