-5.52147e-05
2.04223e-06
4.13685e-06
-3.06657e-06
2.28044e-06
-3.28751e-06
2.97002e-07
5.88982e-05
-5.23663e-05
5.70038e-05
-5.70289e-05
-2.83382e-06
-3.72907e-06
-2.19865e-06
-8.43069e-05
3.48526e-07
4.10875e-06
1.27756e-06
5.65988e-06
3.72218e-06
4.54918e-06
-7.90353e-05
1.58814e-06
-5.58637e-05
-5.82888e-05
-5.22708e-06
-4.09362e-06
3.11822e-06
8.73658e-05
-1.96256e-06
1.33616e-06
-1.5826e-06
-1.01812e-06
7.91296e-07
-4.17284e-06
-5.26902e-05
-4.77884e-05
-5.67567e-05
-5.07876e-05
6.16916e-06
-2.98182e-06
-1.14619e-06
4.96071e-05
1.35876e-07
2.01956e-06
1.97025e-06
3.64194e-06
2.18687e-06
-3.07967e-06
5.50782e-05
-5.93963e-05
4.05005e-05
5.91392e-05
1.53578e-06
3.32351e-06
3.64215e-06
-4.27965e-06
2.18513e-06
-1.49996e-06
3.27196e-06
5.14071e-05
3.64492e-06
1.63794e-06
1.30052e-06
6.46791e-07
-5.71084e-05
-4.56615e-05
-7.59522e-05
-1.9984e-06
2.70463e-06
4.76187e-05
2.72664e-06
-3.63546e-06
-3.69387e-06
-3.22814e-06
-3.05863e-07
-5.51109e-08
-5.46164e-05
-6.22956e-05
5.35131e-05
6.04356e-05
-4.33679e-06
2.13364e-06
1.15957e-05
5.311e-07
-1.01816e-06
-2.25987e-06
-2.35528e-06
-4.53674e-06
2.82515e-06
-1.5626e-07
5.87498e-05
-5.66456e-05
-6.17372e-05
5.68544e-05
8.42215e-06
-7.0784e-07
-1.00385e-05
3.8737e-05
2.91355e-06
3.28219e-06
-1.47215e-06
5.88902e-06
3.98253e-07
1.33678e-06
8.85967e-05
-1.92173e-06
-4.72876e-05
6.1152e-05
-5.78456e-06
1.65436e-06
-1.81836e-05
-2.28426e-06
-1.01832e-06
-1.5059e-06
5.23849e-06
1.45328e-06
-3.10134e-06
9.7928e-07
4.14883e-05
-4.09821e-05
5.95718e-05
5.00202e-05
-4.37634e-08
-3.00181e-06
5.72987e-06
4.37134e-06
-1.7934e-06
1.87191e-06
2.18741e-06
3.52158e-06
-8.93191e-07
-1.33671e-06
-4.60841e-05
6.19828e-05
6.17005e-05
6.47621e-05
-6.43053e-07
1.18792e-06
9.99918e-06
5.62273e-06
-4.24278e-06
6.13228e-06
-4.95462e-06
-9.83962e-05
-5.41289e-07
-5.0901e-07
4.55831e-06
8.16003e-06
5.66556e-05
-4.26551e-05
-6.34465e-05
-6.72638e-08
-2.707e-06
-1.6834e-06
-2.25848e-06
6.12412e-07
2.11526e-06
2.21619e-06
-8.33192e-07
-4.10201e-07
-6.66763e-05
4.2707e-05
-4.95352e-05
6.98187e-05
-1.05846e-06
-9.91341e-07
3.66727e-06
-1.91951e-06
-5.34399e-07
1.0583e-06
-1.5119e-06
2.34849e-06
1.26253e-06
1.9652e-07
2.93289e-05
6.59377e-05
-5.57591e-05
6.78166e-05
-3.70261e-06
-1.827e-06
7.79088e-06
-0.000105302
2.98426e-06
1.29412e-06
-5.51569e-07
3.8129e-07
-4.56983e-09
1.24818e-06
5.39844e-05
3.4554e-07
-4.67878e-05
6.41259e-05
6.09409e-06
-4.73241e-07
8.8074e-06
4.10816e-06
9.68504e-08
2.47877e-06
-7.34694e-06
2.74785e-06
4.52779e-08
3.83472e-06
3.70105e-05
-3.43701e-05
5.26217e-05
6.82422e-05
2.08383e-06
-1.85737e-06
-9.83397e-06
-1.01794e-05
4.1452e-08
2.16396e-06
-1.56538e-06
-3.0524e-06
-7.71887e-06
2.38731e-06
2.61631e-05
-7.19301e-05
-6.05756e-05
-4.3012e-05
8.3964e-06
1.00126e-06
-5.7685e-06
-9.07207e-07
-2.25842e-07
3.49313e-06
-2.51606e-06
9.94554e-05
-1.21298e-06
3.77241e-06
1.57438e-06
-3.43566e-06
6.32168e-05
-4.52688e-05
8.16744e-05
2.37663e-06
1.77109e-05
-6.67235e-06
-5.84394e-08
4.71408e-07
2.98976e-07
-9.49774e-07
2.63824e-06
1.74743e-06
-3.22035e-05
-5.97094e-05
-6.98943e-05
-3.877e-05
-1.13537e-06
1.64181e-06
1.57619e-05
3.19361e-07
-2.92419e-06
4.23903e-06
-3.92158e-06
9.28256e-07
-1.33303e-06
-4.55587e-06
-6.90702e-05
6.56406e-05
4.16281e-05
6.71421e-05
-4.03569e-06
1.22159e-06
-2.37784e-05
-1.45071e-05
-2.37025e-07
-2.22838e-06
3.12786e-06
2.38116e-06
-1.61731e-06
-9.70152e-07
8.90367e-05
-1.87917e-06
-3.48473e-05
6.64728e-05
2.60284e-06
4.73393e-06
5.85355e-06
-4.28859e-06
4.99134e-06
-3.04202e-06
2.52694e-06
-3.02601e-08
2.00413e-06
1.75612e-07
-7.95894e-05
2.59759e-05
-3.68322e-05
3.42312e-05
-4.67451e-06
-3.18336e-06
1.35104e-05
5.37625e-06
2.47835e-08
7.78242e-07
-2.22071e-06
-4.01653e-06
-1.21952e-06
3.23365e-06
6.65357e-05
6.78939e-05
-6.57934e-05
3.47466e-05
-6.52216e-07
2.49591e-06
-1.73545e-05
-2.2607e-06
1.08646e-06
-5.71864e-07
4.32635e-06
2.99826e-05
-2.23694e-06
6.14037e-08
-6.05381e-06
-1.07406e-06
-6.80895e-05
-6.83113e-05
4.43213e-05
-1.37542e-06
2.38317e-05
-1.33193e-06
-3.61852e-06
-6.61604e-07
-2.45394e-06
-1.43793e-06
-2.4573e-06
-1.50988e-07
7.27882e-05
1.89792e-05
-3.59526e-05
6.06512e-05
6.42062e-06
6.15182e-06
-1.83788e-05
1.14167e-06
-2.80444e-06
4.22873e-06
1.64105e-06
-1.37908e-06
8.88919e-08
9.19938e-06
-2.09884e-05
7.55147e-05
-6.47022e-05
-7.38988e-05
-8.52836e-06
-1.04956e-06
-1.7708e-05
0.000102217
2.13734e-06
-1.22933e-06
4.96952e-07
-2.91103e-06
2.11022e-06
-1.39223e-06
-3.21252e-05
-3.00448e-06
6.97973e-05
-7.35614e-05
-2.71933e-08
4.66183e-06
-3.1181e-05
-1.59484e-06
4.1984e-06
-3.64798e-06
4.14819e-06
3.77011e-07
-2.45313e-06
3.13421e-06
-7.27144e-05
-3.34808e-05
-7.51181e-05
6.83838e-05
2.46511e-06
-8.30343e-08
-2.82627e-05
-2.30493e-06
3.19175e-06
-6.74792e-07
-1.01148e-06
-2.132e-06
5.11362e-07
-1.22217e-06
2.4662e-05
-7.66761e-05
-3.12633e-05
3.42869e-05
3.79969e-06
-1.22605e-06
-3.61688e-05
2.31807e-06
5.59484e-08
2.08054e-07
2.64573e-06
0.000114397
-1.00208e-06
-2.86734e-06
4.64373e-06
-1.68116e-07
-7.73122e-05
-7.13669e-05
4.35463e-05
-5.81104e-07
4.08516e-05
-4.66361e-07
6.92939e-07
2.90115e-06
7.23041e-07
-3.26399e-07
-8.58914e-07
-1.34564e-06
-7.40559e-05
7.70805e-05
1.9089e-05
-2.03226e-05
2.88295e-06
-1.15407e-06
4.28242e-05
-7.8673e-06
-3.85062e-06
6.82959e-06
-1.0904e-07
-4.24221e-06
2.07425e-06
8.268e-07
3.80734e-06
2.09476e-05
1.62978e-05
2.69862e-05
3.15221e-06
3.77884e-06
2.66863e-05
0.000110832
2.6546e-06
-1.97694e-06
4.74373e-07
3.90753e-06
6.77013e-07
2.0479e-06
-1.37631e-05
8.10878e-06
-7.34599e-05
-7.04065e-05
-2.71926e-07
8.05847e-07
-4.69098e-05
-4.47646e-06
-3.41926e-06
9.49778e-07
-2.24241e-06
4.81136e-06
1.06441e-06
-1.80751e-06
-7.52342e-05
7.57089e-05
-7.88534e-05
-7.0559e-05
-6.23567e-06
-6.3917e-09
-3.83123e-05
9.24157e-06
8.40485e-07
-3.89592e-06
3.61437e-06
9.79024e-07
4.37115e-07
2.31822e-06
-7.81869e-05
9.86624e-06
-1.17523e-05
-1.44534e-05
-1.00983e-05
-7.94561e-08
3.34545e-05
-5.24062e-06
1.30271e-06
-4.02145e-06
-1.66092e-07
-1.5779e-06
-1.88187e-06
3.06295e-06
-1.17238e-06
2.06405e-07
8.51245e-05
-8.46399e-05
2.38682e-05
2.04799e-06
4.80278e-05
-5.47519e-06
-8.60714e-07
-3.2609e-06
-6.34587e-07
5.61948e-06
-3.01571e-06
-2.74027e-06
7.26886e-05
-8.1242e-05
-1.4988e-05
7.95623e-05
-9.51688e-07
-3.69991e-06
4.88393e-05
-2.98473e-05
-2.89087e-06
1.527e-06
1.82299e-06
-3.33367e-06
-2.06294e-06
9.54274e-07
7.41137e-05
-7.05839e-05
8.45044e-05
7.60966e-05
2.80194e-06
-4.40106e-06
5.52775e-05
-0.000112968
-1.40444e-06
3.09964e-06
1.22294e-06
4.91632e-06
-4.0824e-06
4.76143e-06
-6.31351e-06
2.21155e-06
8.08708e-06
7.69408e-05
4.87413e-07
7.36674e-07
4.75778e-05
-2.30604e-05
1.33642e-06
-1.77216e-06
-3.51899e-06
2.71863e-06
5.45029e-08
5.51998e-07
7.59608e-05
2.95105e-06
2.64267e-06
-7.34215e-05
7.99268e-07
4.72833e-06
5.24749e-05
-0.000108673
1.68485e-06
6.18591e-07
3.52905e-06
-2.99245e-06
-2.1797e-06
-5.32801e-07
8.46262e-05
-1.5826e-06
1.19287e-05
5.22094e-06
-6.89429e-06
2.84996e-06
5.20399e-05
-4.0831e-06
1.84935e-06
3.62881e-06
6.72055e-06
-0.000109865
-2.43936e-06
-9.5327e-07
7.04209e-06
-2.72594e-06
-1.36296e-05
-4.18681e-06
7.90763e-06
-1.00916e-06
5.52163e-05
2.81046e-05
3.25557e-06
-2.52139e-06
-1.74572e-06
2.06715e-06
2.50228e-07
-1.45948e-06
7.74253e-05
8.23621e-05
8.83626e-05
7.36615e-06
8.29623e-06
-3.46082e-06
5.59232e-05
-1.13675e-06
3.31538e-06
7.3558e-07
-1.76264e-07
-1.63751e-06
-1.52834e-06
2.08797e-06
-5.92713e-07
-8.13072e-05
-7.97991e-05
1.05639e-08
4.51001e-07
2.42852e-06
6.16605e-05
-4.09108e-05
-1.55205e-06
-2.48121e-06
-7.43337e-07
-1.53254e-06
8.06435e-07
7.8199e-07
-0.000103973
-3.54975e-06
-4.71468e-07
-2.54991e-07
5.79311e-06
7.76606e-07
6.27232e-05
1.14548e-06
-2.01229e-06
-5.80427e-06
-2.96375e-07
3.29095e-07
-3.81068e-06
-1.30029e-06
-5.63915e-07
-8.2672e-05
7.8174e-05
2.78044e-06
2.63579e-06
-2.0854e-06
-6.3668e-05
1.81528e-06
3.02459e-07
-2.37203e-06
2.90453e-06
-8.45073e-07
-2.75058e-06
-1.05494e-06
7.6137e-05
-8.52787e-06
2.17717e-07
7.97561e-05
1.5238e-06
-1.97306e-06
6.03069e-05
-1.75244e-06
4.07023e-07
-5.94721e-07
1.5832e-07
0.00011762
-1.93396e-06
-1.92346e-06
-5.55444e-06
-3.12192e-06
4.87256e-06
-7.29084e-05
-4.27938e-06
1.80535e-06
-6.60611e-05
2.38388e-06
3.29053e-06
1.70789e-06
-3.11017e-06
2.805e-06
6.77092e-06
6.02852e-07
8.06076e-05
8.38611e-05
-4.20717e-06
-1.00805e-06
1.43097e-06
1.00716e-06
7.3158e-05
-6.44157e-07
1.09371e-06
5.88017e-06
-7.16544e-07
2.2277e-06
3.25223e-06
-1.47284e-06
-8.4208e-05
8.33625e-05
7.71493e-05
1.28418e-05
-4.95539e-06
1.58526e-06
6.53809e-05
9.29127e-05
2.38273e-06
-1.20063e-06
-6.82161e-07
-3.26936e-06
-1.77316e-06
4.17467e-06
-1.47861e-05
1.50971e-06
-7.51622e-05
-5.42541e-06
-1.8577e-06
-7.24685e-07
6.23337e-05
2.00477e-06
1.04503e-06
7.26975e-07
-3.29579e-06
1.87202e-06
1.67263e-06
-2.98087e-06
7.87764e-05
-1.35758e-05
-5.98088e-06
-2.42223e-06
-3.89702e-07
-3.60997e-06
7.54959e-05
1.48791e-07
-1.71042e-06
2.99989e-06
2.54789e-06
-2.42072e-06
-1.05997e-07
-4.09585e-06
6.7444e-05
-7.17567e-05
-8.23726e-05
-6.88727e-05
-1.26168e-06
-1.04803e-06
-6.98452e-05
5.7054e-07
1.49052e-06
4.15251e-06
-1.07511e-06
0.000106494
-8.85375e-07
-2.08108e-06
3.61578e-06
-2.49241e-06
-7.72916e-05
1.80272e-05
-9.90343e-05
2.42503e-06
-6.86059e-05
-6.99203e-06
-1.08503e-06
1.19511e-06
-2.45195e-06
-3.61623e-07
1.29364e-06
1.08755e-07
7.42185e-05
-7.36732e-05
-1.69252e-05
-8.18518e-05
-4.78982e-06
2.81061e-06
8.371e-05
3.91577e-06
2.09427e-06
-4.60378e-06
6.01129e-07
-5.42795e-07
7.43776e-07
-7.84886e-07
-2.60087e-05
-7.46762e-05
8.0717e-05
-1.79439e-05
-6.5756e-06
5.21965e-06
-8.08274e-05
-4.86278e-05
-1.04001e-06
7.77936e-07
-3.28696e-06
-1.17982e-06
-2.38142e-06
-1.91544e-06
0.000104423
6.48813e-06
-8.12721e-05
-7.8505e-05
1.14761e-06
-2.45393e-06
-7.60628e-05
-1.38774e-06
1.35016e-06
4.80251e-06
1.48351e-06
-2.88806e-06
-3.46204e-06
7.40387e-07
-8.04651e-05
8.427e-05
8.31116e-05
-7.28278e-05
-9.56265e-07
-2.72726e-06
-7.52463e-05
-2.25278e-06
3.59227e-06
3.7735e-07
3.28999e-06
-2.08501e-06
1.67403e-06
1.10672e-06
-2.32793e-05
-7.79715e-05
-1.87632e-05
1.89655e-05
4.20398e-06
4.70357e-06
-8.32968e-05
-4.60099e-06
-1.67175e-06
2.34587e-06
1.32402e-06
-0.000102177
-4.19745e-07
1.61081e-06
2.26285e-06
2.48554e-06
7.23774e-05
-2.08126e-05
2.1432e-05
1.95334e-06
-7.95429e-05
-3.52059e-06
-4.77392e-06
1.79772e-06
-4.51045e-06
-2.84937e-06
-1.24864e-06
-3.32338e-06
3.47659e-05
7.8151e-05
-7.23493e-05
7.2652e-05
-1.04143e-06
-1.18634e-06
-8.49049e-05
-9.81211e-07
1.41477e-06
-3.07766e-06
1.1915e-06
2.9517e-06
-2.93517e-06
-1.93506e-06
-3.4715e-05
6.88919e-05
-2.79145e-05
-7.095e-05
-4.45084e-06
2.04076e-06
-9.30781e-05
-7.16238e-05
-1.88047e-06
-8.69754e-07
-6.70481e-07
-1.41468e-07
-2.83349e-06
-3.91337e-08
4.76827e-05
3.35857e-06
7.04103e-05
-8.22763e-05
1.76977e-06
-1.77408e-06
-8.7501e-05
1.7508e-06
-1.40056e-06
1.07972e-06
6.52315e-08
-2.89523e-06
-2.99839e-06
-4.59314e-08
3.36494e-05
-2.90126e-05
-7.06468e-05
-8.03568e-05
-3.79383e-06
-1.00919e-06
-8.72399e-05
3.89436e-06
3.23029e-06
4.58357e-06
-1.89908e-06
-6.5669e-06
-1.60664e-06
1.91944e-07
-2.73812e-05
-7.20153e-05
-8.07959e-05
-3.5444e-05
7.93072e-06
6.74609e-06
8.80618e-05
1.09574e-06
-8.4079e-07
-2.72086e-06
-4.84412e-06
-9.35384e-05
5.14605e-06
-2.33097e-06
3.62375e-06
-4.26208e-06
-3.48073e-05
-4.04553e-05
9.81808e-05
-3.27601e-06
7.74264e-05
3.58201e-06
2.85536e-06
2.2656e-07
-1.31925e-06
7.23618e-07
-9.7901e-07
-1.32624e-06
4.54114e-05
3.25666e-05
7.37653e-05
7.99099e-05
-1.41281e-07
-1.9323e-06
8.92906e-05
-6.96998e-07
3.38873e-06
2.1802e-06
4.77719e-06
-1.3998e-06
-2.24296e-06
5.23609e-07
-7.37116e-05
-4.83242e-05
7.0793e-05
3.01796e-05
9.41534e-07
9.72292e-07
-8.13808e-05
-8.36635e-05
-2.72965e-06
-3.50305e-06
-3.33257e-07
-2.05024e-06
-1.65736e-06
-2.65629e-06
-0.000102196
-7.12997e-08
-3.98043e-05
7.15847e-05
1.58127e-06
-1.7232e-06
1.78728e-06
-4.76363e-06
3.27668e-06
-3.69297e-06
-5.09027e-06
-6.98474e-07
1.05799e-06
8.72122e-07
4.3335e-05
6.46128e-05
4.79575e-05
7.42091e-05
3.72564e-06
-1.0279e-06
9.82165e-07
-8.699e-07
1.95436e-06
2.47074e-06
1.82563e-06
-6.7588e-07
-6.9671e-07
7.35241e-07
-4.20505e-05
3.64315e-05
-7.00211e-05
-7.19767e-05
-1.91095e-06
2.4523e-06
-1.68583e-06
-3.52541e-06
-3.48462e-06
2.59998e-06
3.46075e-06
-7.47175e-05
5.49e-06
-1.66399e-06
5.16765e-06
5.70434e-06
7.06131e-05
-3.91739e-05
8.77324e-05
3.39365e-06
-1.90231e-06
-5.82403e-08
3.57616e-06
1.86185e-09
-3.86428e-06
2.32177e-06
4.27568e-06
-2.96708e-07
-4.99506e-05
6.99866e-05
-4.47891e-05
3.57546e-05
4.99761e-06
4.91812e-07
1.32659e-06
-8.87968e-05
1.44709e-06
1.86102e-06
-3.66902e-06
5.28114e-06
1.93848e-06
2.21194e-06
5.25216e-05
-5.87811e-05
4.35617e-05
6.56881e-05
-5.41135e-06
-3.15239e-06
-6.80631e-06
5.23844e-05
-2.22195e-06
-1.15635e-06
1.24041e-06
-2.77751e-06
1.15348e-06
2.98097e-07
8.08587e-05
-2.11113e-06
-5.72228e-05
-3.89798e-05
2.11437e-07
1.17003e-06
2.23836e-06
-5.13525e-05
1.90066e-06
-3.76493e-06
2.69684e-07
1.19946e-06
-2.85721e-06
3.43679e-06
-6.28529e-05
5.54937e-05
-4.61425e-05
5.96362e-05
-2.97759e-06
1.96152e-06
-2.50143e-06
0.000100465
-1.43675e-06
-2.56267e-06
6.37101e-07
-1.35509e-06
-3.85289e-06
-1.52528e-06
5.02576e-05
5.18427e-05
-5.85622e-05
3.98592e-05
-3.822e-06
1.51104e-06
-3.04606e-06
-5.88341e-07
1.64211e-06
3.0457e-06
-1.66655e-06
8.3996e-05
1.8384e-06
-5.16221e-06
5.0274e-06
3.90498e-06
5.19663e-05
-5.89398e-05
-5.62541e-05
-1.457e-06
4.81376e-06
9.42768e-05
3.92566e-06
5.98577e-07
-1.20364e-06
1.27797e-06
3.14274e-06
2.29663e-06
4.99619e-05
4.95952e-05
-6.41705e-05
-5.98104e-05
3.81882e-06
-2.32596e-06
9.72912e-05
3.5995e-07
1.8642e-06
-3.89698e-07
-2.75622e-07
-6.2942e-06
-2.56269e-08
-2.38706e-06
-4.66256e-05
4.67958e-05
-5.35453e-05
5.93917e-05
2.85524e-06
3.6009e-06
-0.000105249
0.000103698
2.91407e-06
-4.9292e-06
-1.92863e-06
-4.07773e-06
-5.00801e-06
-4.43174e-07
-6.96487e-05
-1.42244e-06
5.01212e-05
-5.96554e-05
2.11504e-06
1.96509e-06
-9.94353e-05
9.44943e-07
3.32405e-06
-1.8558e-06
6.40564e-07
-1.27387e-06
9.08976e-07
-4.62018e-06
6.84948e-05
-5.94185e-05
-4.63625e-05
5.74286e-05
-3.30522e-06
-2.5408e-08
-9.70646e-05
-8.07664e-07
1.6657e-08
-6.2464e-07
3.1489e-06
5.69933e-07
-1.99828e-06
-3.84134e-06
-7.39866e-05
-4.5346e-05
-4.18068e-05
-4.79794e-05
-2.25367e-06
-2.75931e-06
9.03475e-05
7.63717e-07
-1.88729e-06
-1.97791e-06
4.12955e-06
4.63792e-05
-5.86678e-06
-3.31351e-06
1.35599e-06
3.97194e-06
6.37232e-05
-5.17986e-05
-7.5422e-05
-4.3108e-06
-0.000102237
1.57431e-06
-2.87836e-06
2.61253e-06
8.22569e-07
5.17372e-06
-1.24681e-06
6.42362e-07
3.68824e-05
5.92147e-05
-6.13989e-05
-5.01574e-05
-2.35531e-06
-3.48972e-07
9.85636e-05
1.41637e-06
-2.21736e-06
1.82886e-06
4.53981e-06
2.30612e-06
-9.45506e-07
-5.83623e-06
6.92519e-05
-4.62726e-05
4.01191e-05
-5.60824e-05
6.49847e-06
7.083e-07
-8.73622e-05
3.50138e-05
1.6522e-06
-4.9446e-06
-3.40213e-07
-4.29233e-06
4.01734e-06
-2.93083e-06
9.33386e-05
-3.41446e-06
-6.83679e-05
-4.93502e-05
-3.13259e-06
-1.65972e-06
-9.35353e-05
3.2438e-06
1.04058e-06
1.90541e-06
-6.16449e-07
-3.42562e-06
-3.71666e-06
1.4774e-06
6.60375e-05
-6.28308e-05
6.40061e-05
-4.20363e-05
-1.12088e-07
-1.62697e-06
8.89512e-05
-6.31005e-06
-3.29561e-06
-5.85329e-07
-5.04888e-07
-1.47975e-06
1.58487e-07
-1.91514e-06
6.78061e-05
3.53348e-05
2.73484e-05
-6.06588e-05
4.21752e-06
-2.10006e-06
9.58444e-05
-5.33973e-06
-2.52916e-06
3.47588e-06
2.47156e-06
-3.39071e-05
3.73715e-06
1.56995e-06
-9.908e-07
3.58176e-06
-3.77676e-05
-5.68546e-05
-6.38393e-05
7.81948e-07
-9.42788e-05
-5.33237e-06
1.09345e-06
4.24896e-06
-1.66201e-06
2.5746e-06
-3.38788e-06
-4.14295e-06
-6.35287e-05
4.60389e-05
4.7121e-05
-7.15576e-05
-4.41489e-06
-5.09432e-07
-9.72114e-05
5.74314e-07
-9.48428e-07
3.02036e-06
6.82509e-07
-5.72309e-08
3.12171e-07
2.31344e-06
2.37382e-05
-3.51865e-05
7.1968e-05
-3.51028e-05
-5.62448e-06
-1.58656e-06
8.95878e-05
-9.58176e-05
-5.26807e-08
-1.88263e-06
2.90255e-06
2.20887e-06
-6.1341e-07
2.32501e-06
-4.79223e-05
6.48437e-07
-6.58873e-05
-3.7818e-05
1.13433e-06
-9.4626e-07
-0.000106647
1.30468e-06
1.99193e-06
6.79268e-07
-2.84163e-06
5.03882e-07
-2.71245e-06
-3.39967e-06
2.9822e-05
6.24375e-05
-7.29387e-05
6.63972e-05
1.59468e-07
-2.57692e-06
-9.96811e-05
2.91949e-06
-9.62301e-07
1.72996e-06
3.40061e-06
7.2416e-07
1.17106e-06
-2.87262e-06
-2.4786e-05
-3.7538e-05
3.11079e-05
7.46717e-05
5.50125e-06
-2.26278e-06
8.14979e-05
9.45488e-06
-2.04475e-07
1.29198e-06
-1.94174e-06
0.000102325
-2.01279e-06
-5.6301e-07
-9.73442e-07
2.96813e-06
3.8444e-05
3.20431e-05
9.37161e-05
5.78722e-07
-9.13436e-05
1.74048e-06
-1.93959e-06
-9.20151e-07
-1.37472e-06
-9.9009e-07
7.76249e-08
2.38798e-11
-2.37212e-05
7.66689e-05
-7.36352e-05
-3.8758e-05
-8.85161e-07
7.36814e-07
9.72804e-05
2.79253e-07
5.87695e-06
-1.89732e-08
-1.78053e-06
1.70579e-06
1.80646e-06
2.68672e-07
-8.27309e-05
-1.8284e-05
2.10873e-05
3.41868e-05
1.83707e-06
-3.14675e-06
8.8092e-05
-1.11479e-07
-9.85602e-07
1.74016e-06
5.33313e-06
-6.00249e-07
-1.22099e-06
4.40568e-06
-0.000104369
2.91341e-06
-2.81398e-05
3.38618e-05
7.62795e-06
-1.49609e-06
8.85269e-05
5.51816e-07
-1.04039e-06
-8.33905e-06
-6.92284e-07
-2.34768e-06
2.31463e-06
1.39266e-06
2.57996e-05
-6.8105e-05
2.26391e-05
-2.86448e-05
6.07319e-07
3.33502e-07
0.000102125
5.1681e-06
-9.32033e-07
3.13822e-06
2.75644e-07
1.20188e-06
1.72272e-06
5.78083e-07
7.59096e-05
1.98127e-05
-8.23568e-05
7.20279e-05
1.75247e-06
3.20145e-06
9.10279e-05
-5.3634e-06
6.30595e-06
-8.2056e-07
-6.45027e-08
-1.87371e-05
-3.04962e-06
9.44295e-07
-5.50719e-06
-1.58144e-06
2.80991e-05
2.33659e-05
9.09117e-05
-1.07551e-06
-9.00125e-05
-3.93117e-06
1.90635e-06
1.73058e-06
-6.60066e-07
-2.73314e-06
2.20052e-06
5.25278e-07
9.18507e-06
-1.7785e-05
7.70351e-05
-7.76351e-05
3.24061e-06
2.45461e-07
-8.75454e-05
-1.98096e-06
5.52741e-07
4.26849e-07
-2.17581e-06
4.63808e-06
1.82816e-06
-1.86899e-06
7.77213e-05
7.68121e-05
7.82022e-05
7.4748e-05
-4.6913e-06
2.04453e-06
-9.38799e-05
3.00103e-06
2.37274e-06
-7.14548e-07
-1.03398e-06
-1.36525e-06
-1.4419e-06
1.82407e-06
-9.59067e-05
1.50253e-07
2.13983e-05
2.14394e-05
-5.10733e-07
3.91706e-06
8.40001e-05
1.79856e-07
5.33838e-06
-5.3013e-06
2.06345e-06
-6.7925e-07
2.80207e-06
1.88488e-06
7.43979e-06
-1.53362e-05
2.09049e-05
1.1777e-05
2.05216e-06
2.26442e-06
9.87252e-05
3.99285e-06
2.8252e-06
-2.41424e-06
-5.49086e-08
-5.40341e-06
5.30983e-06
1.38049e-07
7.25345e-06
7.71525e-05
-6.99858e-05
-8.42335e-05
2.28044e-06
-6.33054e-07
-8.50073e-05
1.16495e-05
3.43117e-06
-1.96359e-06
4.12887e-06
-0.000108499
3.00787e-06
3.70936e-06
4.3543e-06
5.88573e-07
-1.32592e-05
1.64672e-05
9.855e-05
-1.88371e-07
-7.66577e-05
2.45207e-06
-9.61025e-07
1.08044e-06
1.23788e-07
1.74489e-06
-2.2129e-06
-1.42846e-06
-1.53089e-05
8.92079e-06
-6.7239e-05
-1.86508e-05
-1.87562e-06
2.09784e-06
-8.81734e-05
0.00010924
2.03306e-06
3.7844e-07
-1.72785e-06
1.74795e-06
-9.59079e-07
4.64179e-06
-7.1069e-06
6.53774e-06
-7.77301e-07
-5.57501e-06
1.24149e-06
5.89209e-07
-7.61092e-05
-3.16892e-05
-1.88073e-06
-2.31528e-07
1.53922e-07
6.98975e-06
-2.92696e-06
-1.01429e-06
-0.000117518
-6.47105e-07
7.63835e-05
-2.24832e-05
2.78376e-07
-3.72833e-06
-8.49056e-05
0.000108466
4.6279e-06
-2.42258e-06
2.36919e-06
4.13459e-06
9.92393e-07
1.02973e-07
6.51165e-06
-8.22741e-05
7.3577e-05
3.88756e-06
-1.01834e-06
2.80405e-07
-9.09799e-05
-2.89073e-05
6.57071e-06
-1.66359e-06
-2.41154e-06
-6.29664e-06
-7.00281e-07
-1.94176e-07
1.39937e-05
7.4707e-05
7.87552e-05
8.83151e-05
-6.55434e-07
-8.01328e-07
-8.06276e-05
-2.38025e-06
-3.74097e-06
-1.20019e-06
-3.65586e-06
-1.28459e-05
1.73943e-06
3.70018e-06
-1.25137e-07
2.396e-06
-7.04608e-05
8.02228e-05
0.00010254
-3.28212e-06
-8.35018e-05
-0.000104295
-2.19623e-06
5.34839e-07
-2.28767e-06
-2.95282e-06
-1.49784e-06
-9.05944e-07
2.5907e-06
-4.03796e-06
-3.33641e-06
7.79848e-05
-2.37009e-06
-5.03087e-06
-7.41484e-05
-4.436e-06
-2.69119e-06
4.69273e-06
2.27077e-06
8.13155e-06
-4.04999e-06
1.77748e-06
-7.62987e-05
1.23754e-06
-9.34334e-07
7.88177e-05
-3.84212e-06
6.48712e-07
-7.46105e-05
0.000100329
-8.64983e-06
-1.26588e-06
3.21243e-07
1.57683e-06
-2.2439e-06
2.47641e-06
6.5494e-06
8.85288e-07
8.23832e-05
-8.22496e-05
-3.81345e-06
-1.97425e-06
-8.21992e-05
5.69131e-06
2.79611e-06
2.6297e-06
-1.4164e-06
2.17787e-06
1.12465e-06
6.25136e-06
7.96567e-05
-5.28836e-06
6.60138e-06
8.23876e-05
2.51839e-06
-4.45582e-06
7.85126e-05
-1.58124e-07
1.29955e-06
3.66219e-06
-2.47294e-06
3.31645e-07
-1.50284e-06
7.97198e-07
6.78814e-06
7.43087e-05
-7.18225e-05
-8.25831e-07
4.05988e-06
1.65418e-06
-7.63955e-05
-1.36879e-06
-1.17987e-06
2.74132e-06
-3.76069e-06
2.39313e-05
-4.86219e-06
8.24057e-07
-2.85851e-07
-1.91734e-06
-7.5231e-05
-9.94001e-06
-0.000105339
-1.52488e-07
8.56884e-05
2.58241e-06
2.05114e-06
9.32353e-09
-3.0832e-06
2.08524e-06
3.51535e-06
2.0096e-06
7.16184e-06
5.69329e-06
7.29552e-05
8.6245e-05
-5.65706e-06
-5.3725e-07
-5.9583e-05
1.55896e-07
-4.64854e-06
5.69989e-07
2.61076e-06
1.94343e-06
-8.01032e-06
-3.1456e-06
-7.04925e-06
1.84495e-05
6.40862e-06
-7.61685e-05
-1.44188e-06
-2.23793e-07
-7.70008e-05
3.73758e-05
2.41622e-06
2.92891e-06
-4.3926e-06
2.7865e-06
4.44275e-06
1.84004e-07
0.000118682
-8.83751e-07
-1.13098e-05
7.57318e-05
8.94523e-08
8.19397e-06
-7.0318e-05
1.00616e-06
-2.04037e-06
2.04194e-06
3.20578e-06
1.61704e-06
-7.80502e-07
-2.75165e-06
1.81784e-05
7.9882e-05
7.87703e-05
7.66712e-05
-1.96635e-06
-9.53936e-08
-6.58526e-05
-3.58894e-06
-1.38977e-06
1.75494e-06
-1.96734e-06
7.86966e-06
-7.35276e-08
-2.88934e-07
2.26815e-05
-6.83106e-06
-1.9231e-05
-9.5198e-06
1.06728e-06
-5.02325e-07
6.92107e-05
-2.52812e-06
-1.20132e-06
2.24647e-06
-3.12768e-06
2.81767e-05
-2.68316e-06
3.10156e-06
-4.67405e-06
-1.50549e-06
-1.98424e-05
-8.06558e-05
-2.04174e-05
-1.69077e-06
5.4873e-05
-5.36855e-06
-3.64706e-07
-1.1703e-06
5.79403e-07
-1.60188e-06
3.48057e-06
-1.89094e-07
2.26686e-05
-1.4428e-05
6.82468e-05
-1.62237e-05
-1.83678e-06
3.32092e-06
-6.85698e-05
-2.46437e-06
-2.62856e-06
-2.83863e-06
-2.51327e-06
1.56978e-07
3.57274e-06
-4.45126e-06
7.00966e-05
-2.53941e-05
9.93893e-06
7.62643e-05
-9.26466e-07
-4.42342e-06
6.5624e-05
9.34483e-05
-3.87988e-06
3.26031e-06
1.10881e-06
-4.97714e-06
-4.02271e-06
1.92232e-06
2.71441e-05
1.4461e-06
-2.15827e-05
-1.31063e-05
2.68744e-06
1.24648e-06
5.12593e-05
-4.86942e-06
-1.49333e-06
-5.09063e-06
2.50387e-06
3.75644e-07
-1.53762e-06
-6.19264e-06
-2.4369e-05
2.70959e-05
1.99216e-05
-1.85753e-05
6.86068e-06
1.71747e-06
6.19084e-05
3.13651e-06
-3.72647e-07
-1.983e-06
4.72122e-07
5.2766e-06
-2.50884e-06
2.50767e-07
6.72701e-05
-2.12496e-05
7.87094e-05
-8.62496e-05
-1.32711e-06
-3.63141e-06
4.79987e-05
-4.75688e-06
-2.13288e-06
6.52769e-07
-9.52484e-07
-5.10927e-05
3.71977e-07
-5.91313e-07
-2.49993e-06
1.76652e-06
3.03273e-05
6.98168e-05
-9.56804e-05
-7.30328e-07
5.87341e-05
1.46051e-06
6.28987e-06
1.55643e-06
-3.46318e-06
2.33435e-06
2.92212e-06
3.198e-07
-7.94412e-05
2.9053e-05
-2.25796e-05
1.84286e-05
-3.88864e-06
3.23815e-06
5.90878e-05
-1.19728e-06
-3.93851e-06
-3.84089e-06
-3.10528e-06
1.56122e-07
2.72315e-06
3.62989e-06
7.2457e-05
2.6906e-05
7.31816e-05
-2.39022e-05
6.4803e-06
1.52057e-06
6.09195e-05
8.69514e-05
-1.52662e-06
7.53875e-06
-7.90002e-07
-1.77493e-06
-1.54521e-07
-5.0917e-07
-9.98668e-05
1.91344e-06
2.37561e-05
-2.66332e-05
3.6177e-06
-1.48041e-06
4.96885e-05
1.85971e-06
2.98212e-06
-4.14268e-06
1.49077e-06
-6.5159e-07
6.50625e-06
2.05414e-06
-6.9388e-05
7.10172e-05
-2.96956e-05
-2.48992e-05
-2.56276e-06
2.95403e-07
5.51852e-05
2.80604e-07
-1.05688e-07
-3.45193e-06
-3.45363e-06
-3.42421e-06
-2.93224e-07
-6.40583e-06
6.54787e-05
-3.214e-05
-3.46593e-05
7.44512e-05
4.59297e-06
-4.39243e-06
-4.50696e-05
4.39218e-06
1.27922e-06
-1.93649e-06
-1.6486e-07
-5.73994e-05
2.20689e-06
1.04921e-06
5.12163e-06
-3.13448e-06
6.96951e-05
6.84193e-05
2.90562e-05
-1.26484e-06
-4.92569e-05
1.17922e-07
3.16097e-08
3.13809e-06
-2.02934e-06
-2.95063e-06
-3.48775e-06
5.43701e-07
-6.98032e-05
-7.28964e-05
3.56332e-05
3.82519e-05
-1.93442e-06
2.01143e-06
-4.03323e-05
3.73693e-06
2.01936e-06
4.27583e-06
9.54101e-07
-1.31612e-06
8.04162e-07
-2.59782e-06
-4.57684e-05
7.05283e-05
3.54628e-05
-6.80808e-05
9.26135e-07
1.60295e-06
4.53789e-05
-8.4463e-05
1.87566e-06
-1.00563e-06
3.4339e-06
-4.94986e-06
-7.19517e-07
-2.51711e-06
-6.03206e-05
3.03652e-07
6.97154e-05
3.69352e-05
-7.74936e-07
-3.10575e-06
3.8326e-06
4.88944e-08
-1.79784e-06
7.56572e-06
1.96882e-06
-4.96099e-07
-2.99865e-06
-3.87463e-06
-6.39191e-05
3.76644e-05
-7.23175e-05
5.3373e-05
-2.10438e-07
3.63309e-06
-1.67584e-06
1.84338e-06
-1.75294e-06
-9.4043e-07
2.5801e-06
-6.63086e-06
2.12826e-07
7.55597e-06
6.42889e-05
-6.81059e-05
-3.97688e-05
-4.36574e-05
1.53408e-07
2.84132e-06
-5.77166e-07
-6.1104e-06
-2.69495e-06
1.64143e-06
-5.99656e-09
8.80568e-05
6.40919e-07
3.97289e-06
4.71645e-06
2.02036e-06
3.7064e-05
6.70392e-05
4.91008e-05
1.6577e-06
8.73073e-07
4.68119e-06
-6.40131e-07
-5.26127e-06
-1.25275e-07
7.17665e-07
-1.15856e-07
-1.47175e-06
6.00905e-05
4.48495e-05
6.70987e-05
-6.88458e-05
-2.50966e-06
1.48491e-06
-1.82318e-06
